0
0
0
0
0
8
27
45
59
65
69
73
79
83
91
103
0
0
0
0
0
0
21
41
57
63
75
79
83
87
91
101
0
0
0
0
0
0
4
29
49
61
77
83
89
91
93
99
0
0
0
0
0
0
0
13
39
57
75
83
91
95
97
99
0
0
0
0
0
0
0
0
27
49
69
79
91
99
99
99
0
0
0
0
0
0
0
0
17
39
59
73
91
101
103
101
0
0
0
0
0
0
0
0
11
31
53
69
89
103
105
101
0
0
0
0
0
0
0
0
6
21
39
59
79
89
95
99
0
0
0
0
0
0
0
0
0
13
31
51
71
83
89
95
0
0
0
0
0
0
0
0
0
9
22
40
60
70
80
88
0
0
0
0
0
0
0
0
0
6
18
34
50
60
68
78
0
0
0
0
0
0
0
0
0
0
16
30
46
54
60
70
0
0
0
0
0
0
0
0
0
0
12
28
42
50
58
66
0
0
0
0
0
0
0
0
0
0
6
22
40
50
58
68
0
0
0
0
0
0
0
0
0
0
3
20
38
50
60
70
0
0
0
0
0
0
0
0
0
0
6
23
39
47
57
69
