26.957
29.957
40.544
52.544
66.669
75.669
83.142
90.441
96.142
98.441
99.854
101.74
103.854
105.74
108.854
113.74
24.886
24.886
30.957
42.957
58.669
70.669
81.142
89.142
95.142
97.441
101.854
103.854
105.74
106.854
108.854
112.854
24.299
24.299
25.185
34.957
49.555
61.968
73.441
84.142
92.142
97.142
102.854
105.74
107.854
108.854
109.74
111.854
24.299
24.299
26.071
31.957
41.968
53.968
65.441
77.441
88.142
95.142
102.441
105.441
109.142
110.441
111.142
112.142
31.957
31.957
32.957
33.957
39.669
49.555
61.142
71.142
83.142
92.142
100.142
104.142
109.142
112.142
112.142
112.142
37.957
40.544
40.957
39.957
42.669
49.968
59.142
68.142
79.142
88.142
96.142
101.441
109.142
113.142
113.441
113.142
36.957
40.957
45.957
44.544
45.968
52.555
61.142
67.142
77.142
85.142
93.441
100.142
108.142
113.441
114.441
113.142
34.957
36.544
44.544
44.957
48.555
55.669
61.441
67.142
74.441
81.142
88.142
96.142
104.142
108.142
110.441
112.142
33.957
36.544
42.957
43.957
48.555
54.669
61.142
65.142
71.142
77.441
85.142
93.142
101.142
105.441
108.142
110.441
32.544
32.957
42.957
44.544
49.555
56.555
62.441
65.441
71.142
76.142
80.843
88.544
96.544
100.544
104.544
107.843
28.544
28.957
36.957
38.957
45.555
53.555
60.142
63.142
69.142
74.441
79.843
85.843
92.544
96.544
99.843
103.843
24.886
24.886
26.957
28.544
34.669
43.669
50.441
56.142
63.142
69.142
78.843
84.544
90.843
93.843
96.544
100.544
24.299
24.299
24.299
24.299
28.555
36.555
45.142
52.142
61.142
68.142
76.843
83.843
88.843
92.544
95.843
98.843
24.299
24.299
24.886
24.299
26.669
33.555
41.441
49.441
61.142
69.441
74.843
80.843
88.544
92.544
95.843
99.843
24.299
24.299
24.886
24.299
24.886
29.957
37.555
45.957
57.555
66.843
72.843
80.544
87.843
92.544
96.544
100.544
25.0
24.886
24.0
24.0
25.0
28.886
37.185
48.772
60.772
68.544
74.316
81.316
88.202
91.202
95.202
100.202
