50
52
60
69
80
86
92
98
102
104
104
106
107
109
111
115
48
48
53
62
74
83
90
96
101
103
106
107
109
110
111
114
48
48
49
56
67
76
85
93
99
102
107
109
110
111
112
113
48
48
49
54
61
70
79
88
96
101
107
109
111
113
113
114
54
54
55
55
59
67
75
83
92
99
105
108
111
114
114
114
58
60
61
59
62
67
74
81
89
96
102
106
111
114
115
114
58
61
64
63
64
69
75
80
87
93
100
105
111
115
116
114
56
57
63
64
66
71
76
80
86
90
96
102
108
111
113
114
55
57
62
62
66
71
75
78
83
88
93
99
105
109
111
113
54
55
62
63
67
72
77
79
83
87
90
96
102
105
108
110
51
52
58
59
63
70
75
77
81
86
89
94
99
102
104
107
48
48
50
51
56
62
68
72
77
81
88
93
97
100
102
105
48
48
48
48
51
57
63
69
75
81
87
92
96
99
101
103
48
48
48
48
50
55
61
67
75
82
85
90
96
99
101
104
48
48
48
48
48
52
57
64
73
79
84
90
95
99
102
105
49
48
48
48
49
51
58
66
75
81
85
91
96
98
101
105
