0
0
0
18
40
53
64
75
83
87
89
92
95
98
102
110
0
0
0
3
28
46
60
73
82
86
93
95
98
100
102
108
0
0
0
0
13
33
50
65
77
85
94
98
101
102
104
107
0
0
0
0
2
21
38
56
71
82
93
98
103
105
106
107
0
0
0
0
0
13
31
46
64
77
89
95
103
107
107
107
0
0
2
0
4
14
28
41
58
71
83
92
103
109
110
109
0
2
8
6
8
18
31
40
55
67
80
89
101
110
111
109
0
0
6
7
12
23
32
40
51
60
71
83
95
101
105
107
0
0
3
4
12
22
31
37
46
56
67
79
91
98
101
105
0
0
3
6
13
24
33
38
46
53
61
72
84
90
96
100
0
0
0
0
7
19
29
34
43
51
58
68
78
84
88
94
0
0
0
0
0
5
15
23
34
43
57
66
75
80
84
90
0
0
0
0
0
0
6
17
31
41
55
64
73
78
82
87
0
0
0
0
0
0
2
14
31
44
51
61
72
78
82
88
0
0
0
0
0
0
0
8
25
39
49
60
70
78
84
90
0
0
0
0
0
0
0
11
30
42
50
61
71
75
81
89
