0.0
0.0
0.0
0.0
0.0
1.196
17.839
37.839
52.839
59.839
63.263
68.263
74.263
79.263
87.377
101.263
0.0
0.0
0.0
0.0
0.0
0.0
11.54
33.54
50.839
57.54
70.263
74.263
79.263
83.263
87.377
98.377
0.0
0.0
0.0
0.0
0.0
0.0
0.0
19.839
41.839
55.54
72.263
79.263
85.263
87.377
90.263
96.263
0.0
0.0
0.0
0.0
0.0
0.0
0.0
3.566
30.839
50.839
70.839
79.54
88.54
92.839
94.839
96.839
0.0
0.0
0.0
0.0
0.0
0.0
0.0
0.0
17.839
41.839
63.839
74.839
88.54
96.839
96.839
96.839
0.0
0.0
0.0
0.0
0.0
0.0
0.0
0.0
7.409
30.839
52.839
68.54
88.54
99.54
101.54
99.54
0.0
0.0
0.0
0.0
0.0
0.0
0.0
0.0
1.794
22.54
46.54
63.839
85.839
101.54
103.839
99.54
0.0
0.0
0.0
0.0
0.0
0.0
0.0
0.0
0.0
11.54
30.839
52.839
74.839
85.839
92.839
96.839
0.0
0.0
0.0
0.0
0.0
0.0
0.0
0.0
0.0
3.566
22.54
44.54
66.54
79.54
85.839
92.839
0.0
0.0
0.0
0.0
0.0
0.0
0.0
0.0
0.0
1.196
12.344
32.344
54.344
65.344
76.344
84.643
0.0
0.0
0.0
0.0
0.0
0.0
0.0
0.0
0.0
0.0
7.985
25.344
43.344
54.344
62.643
73.643
0.0
0.0
0.0
0.0
0.0
0.0
0.0
0.0
0.0
0.0
5.914
21.344
38.344
47.344
54.344
65.344
0.0
0.0
0.0
0.0
0.0
0.0
0.0
0.0
0.0
0.0
2.37
18.643
34.344
43.344
51.643
60.344
0.0
0.0
0.0
0.0
0.0
0.0
0.0
0.0
0.0
0.0
0.0
12.344
32.344
43.344
51.643
62.643
0.0
0.0
0.0
0.0
0.0
0.0
0.0
0.0
0.0
0.0
0.0
10.344
29.643
43.344
54.344
65.344
0.0
0.0
0.0
0.0
0.0
0.0
0.0
0.0
0.0
0.0
0.0
13.29
30.948
39.062
50.062
63.948
