0.0
0.0
0.0
0.0
13.224
30.637
45.583
60.583
71.583
76.583
78.708
82.594
86.708
90.594
96.708
106.594
0.0
0.0
0.0
0.0
0.598
21.224
41.284
57.284
69.583
74.583
83.708
86.708
90.594
93.594
96.708
104.708
0.0
0.0
0.0
0.0
0.0
3.865
26.583
47.583
63.583
73.284
85.594
90.594
94.708
96.708
98.594
102.708
0.0
0.0
0.0
0.0
0.0
0.0
10.583
34.583
55.583
69.583
84.583
90.583
97.284
100.583
101.583
103.583
0.0
0.0
0.0
0.0
0.0
0.0
2.082
21.583
45.583
63.583
79.583
87.583
97.284
103.583
103.583
103.583
0.0
0.0
0.0
0.0
0.0
0.0
0.598
15.583
37.583
55.583
71.583
82.583
97.284
105.284
106.583
105.284
0.0
0.0
0.0
0.0
0.0
0.0
2.082
13.583
33.284
49.284
66.583
79.583
95.583
106.583
108.583
105.284
0.0
0.0
0.0
0.0
0.0
0.0
3.267
13.583
28.583
41.284
55.583
71.583
87.583
95.583
100.583
103.583
0.0
0.0
0.0
0.0
0.0
0.0
2.082
9.284
21.583
34.583
49.284
65.284
81.284
90.583
95.583
100.583
0.0
0.0
0.0
0.0
0.0
0.0
5.039
10.583
21.583
31.583
41.686
56.387
72.387
80.387
88.387
94.686
0.0
0.0
0.0
0.0
0.0
0.0
1.196
5.925
17.284
28.583
38.686
51.387
64.387
72.387
78.686
86.686
0.0
0.0
0.0
0.0
0.0
0.0
0.0
0.0
5.925
17.284
36.686
48.387
60.686
67.387
72.387
80.387
0.0
0.0
0.0
0.0
0.0
0.0
0.0
0.0
2.082
15.583
33.686
46.686
57.686
64.387
70.686
76.686
0.0
0.0
0.0
0.0
0.0
0.0
0.0
0.0
2.082
18.583
28.686
41.686
56.387
64.387
70.686
78.686
0.0
0.0
0.0
0.0
0.0
0.0
0.0
0.0
0.0
12.686
25.686
40.387
54.686
64.387
72.387
80.387
0.0
0.0
0.0
0.0
0.0
0.0
0.0
0.0
1.185
16.501
27.632
42.518
55.518
61.518
69.518
79.518
