0
0
0
0
0
0
0
0
0
0
0
0
0
0
0
0
0
0
0
73
75
80
86
93
98
102
105
108
109
110
111
112
113
114
117
0
0
72
72
75
81
89
95
101
105
108
109
111
112
113
113
114
116
0
0
72
72
72
77
85
91
97
102
106
109
111
113
114
114
115
116
0
0
72
72
73
76
81
87
93
99
104
108
111
113
115
115
116
116
0
0
76
76
76
77
80
85
91
96
102
106
110
112
115
116
116
116
0
0
79
80
80
80
81
85
90
94
100
104
108
111
115
117
117
117
0
0
78
80
83
82
83
86
91
94
99
103
107
110
114
117
117
117
0
0
77
78
82
82
84
88
91
94
97
101
104
108
112
114
115
116
0
0
77
78
81
82
84
87
91
93
96
99
103
107
111
113
114
115
0
0
76
76
81
82
85
88
91
93
96
98
100
104
108
110
112
114
0
0
74
74
78
79
83
87
90
92
95
97
100
103
106
108
110
112
0
0
72
72
73
74
77
82
85
88
92
95
99
102
105
107
108
110
0
0
72
72
72
72
74
78
83
86
91
94
98
102
104
106
108
109
0
0
72
72
72
72
73
77
81
85
91
95
97
100
104
106
108
110
0
0
72
72
72
72
72
75
79
83
89
93
96
100
104
106
108
110
0
0
73
72
72
72
73
74
78
84
90
94
97
100
104
105
107
110
0
0
0
0
0
0
0
0
0
0
0
0
0
0
0
0
0
0
0
