0
0
0
0
0
0
0
0
0
0
0
0
0
0
0
0
0
0
0
96
97
100
103
107
109
111
113
114
115
115
116
116
117
117
119
0
0
96
96
97
100
105
108
110
112
114
114
116
116
117
117
117
118
0
0
96
96
96
98
102
106
108
111
113
114
116
117
117
117
118
118
0
0
96
96
96
98
101
104
106
109
112
114
116
116
117
118
118
118
0
0
98
98
98
98
100
102
105
108
111
113
115
116
117
118
118
118
0
0
99
100
100
100
101
103
105
107
110
112
114
115
117
118
118
118
0
0
99
100
101
101
102
103
105
107
109
111
113
115
117
118
119
118
0
0
98
99
101
101
102
104
105
107
109
110
112
114
116
117
118
118
0
0
98
99
100
101
102
104
105
106
108
109
111
113
115
116
117
118
0
0
98
98
100
101
102
104
106
106
108
109
110
112
114
115
116
117
0
0
97
97
99
99
101
103
105
106
107
109
110
111
113
114
115
116
0
0
96
96
96
97
99
101
103
104
106
107
109
111
112
113
114
115
0
0
96
96
96
96
97
99
101
103
105
107
109
111
112
113
114
114
0
0
96
96
96
96
97
98
100
102
105
107
108
110
112
113
114
115
0
0
96
96
96
96
96
97
99
101
104
106
108
110
112
113
114
115
0
0
97
96
96
96
97
97
99
102
105
107
108
110
112
112
113
115
0
0
0
0
0
0
0
0
0
0
0
0
0
0
0
0
0
0
0
