0.0
0.0
0.0
0.0
0.0
0.0
0.0
0.0
0.0
0.0
0.0
0.0
0.0
0.0
0.0
0.0
0.0
0.0
0.0
0.0
0.0
0.598
18.142
40.039
53.153
64.512
75.512
83.512
87.512
89.224
92.224
95.224
98.224
102.338
110.224
0.0
0.0
0.0
0.0
0.0
3.843
28.039
46.039
60.626
73.213
82.512
86.213
93.224
95.224
98.224
100.224
102.338
108.338
0.0
0.0
0.0
0.0
0.0
0.0
13.153
33.039
50.213
65.512
77.512
85.213
94.224
98.224
101.224
102.338
104.224
107.224
0.0
0.0
0.0
0.0
0.0
0.0
2.968
21.039
38.213
56.213
71.512
82.512
93.512
98.213
103.213
105.512
106.512
107.512
0.0
0.0
0.0
0.0
0.0
0.0
0.897
13.153
31.213
46.512
64.512
77.512
89.512
95.512
103.213
107.512
107.512
107.512
0.0
0.0
0.0
0.598
2.071
0.0
4.153
14.74
28.512
41.512
58.512
71.512
83.512
92.213
103.213
109.213
110.213
109.213
0.0
0.0
0.0
2.071
8.729
6.142
8.74
18.153
31.213
40.512
55.213
67.099
80.213
89.512
101.512
110.213
111.512
109.213
0.0
0.0
0.0
0.0
6.142
7.729
12.153
23.039
32.213
40.512
51.512
60.626
71.512
83.512
95.512
101.512
105.512
107.512
0.0
0.0
0.0
0.0
3.843
4.729
12.153
22.039
31.213
37.213
46.512
56.213
67.099
79.213
91.213
98.213
101.512
105.512
0.0
0.0
0.0
0.0
3.843
6.142
13.153
24.153
33.512
38.213
46.512
53.512
61.615
72.615
84.615
90.615
96.615
100.914
0.0
0.0
0.0
0.0
0.0
0.0
7.153
19.153
29.512
34.512
43.213
51.512
58.615
68.615
78.615
84.615
88.914
94.914
0.0
0.0
0.0
0.0
0.0
0.0
0.0
5.039
15.213
23.512
34.512
43.213
57.615
66.501
75.615
80.615
84.615
90.615
0.0
0.0
0.0
0.0
0.0
0.0
0.0
0.0
6.512
17.512
31.213
41.512
55.615
64.914
73.615
78.615
82.914
87.615
0.0
0.0
0.0
0.0
0.0
0.0
0.0
0.0
2.669
14.213
31.213
44.213
51.615
61.615
72.615
78.615
82.914
88.914
0.0
0.0
0.0
0.0
0.0
0.0
0.0
0.0
0.0
8.729
25.74
39.615
49.615
60.028
70.914
78.615
84.615
90.615
0.0
0.0
0.0
0.0
0.0
0.0
0.0
0.0
0.0
11.772
30.957
42.729
50.974
61.86
71.86
75.974
81.974
89.86
0.0
0.0
0.0
0.0
0.0
0.0
0.0
0.0
0.0
0.0
0.0
0.0
0.0
0.0
0.0
0.0
0.0
0.0
0.0
