0
0
0
0
0
0
0
0
0
0
0
0
0
0
0
0
0
0
0
0
0
0
2
26
42
55
67
77
81
84
87
91
94
99
108
0
0
0
0
0
0
12
33
51
65
76
80
88
91
94
96
99
106
0
0
0
0
0
0
0
18
38
56
70
79
89
94
98
99
101
105
0
0
0
0
0
0
0
4
24
45
63
76
88
94
100
102
104
105
0
0
0
0
0
0
0
0
16
34
55
70
84
91
100
105
105
105
0
0
0
0
0
0
0
0
13
28
48
63
77
87
100
107
108
107
0
0
0
0
0
0
0
1
16
27
44
58
73
84
98
108
109
107
0
0
0
0
0
0
0
7
17
27
39
51
63
77
91
98
102
105
0
0
0
0
0
0
0
5
16
23
34
45
58
72
86
94
98
102
0
0
0
0
0
0
0
8
18
24
34
42
51
64
78
85
92
97
0
0
0
0
0
0
0
3
14
20
30
39
48
59
71
78
83
90
0
0
0
0
0
0
0
0
0
7
20
30
47
57
68
73
78
85
0
0
0
0
0
0
0
0
0
1
16
28
44
55
65
71
76
82
0
0
0
0
0
0
0
0
0
0
16
31
40
51
64
71
76
83
0
0
0
0
0
0
0
0
0
0
9
26
37
50
62
71
78
85
0
0
0
0
0
0
0
0
0
0
15
29
39
51
63
68
75
84
0
0
0
0
0
0
0
0
0
0
0
0
0
0
0
0
0
0
0
