0.0
0.0
0.0
0.0
0.0
0.0
0.0
0.0
0.0
0.0
0.0
0.0
0.0
0.0
0.0
0.0
0.0
0.0
0.0
3.843
7.843
20.843
35.843
53.854
64.854
74.327
83.327
90.327
93.327
95.039
97.039
100.039
102.039
106.039
112.039
0.0
0.0
1.185
1.185
8.843
23.843
43.854
58.854
71.327
81.327
89.327
92.327
98.039
100.039
102.039
104.039
106.039
111.039
0.0
0.0
0.299
0.299
2.071
13.843
31.854
47.854
62.327
75.327
85.327
91.327
99.039
102.039
105.039
106.039
107.039
110.039
0.0
0.0
0.299
0.299
2.957
9.843
22.854
37.854
52.327
67.327
80.327
89.327
98.327
102.327
106.327
108.327
109.327
110.327
0.0
0.0
9.843
9.843
11.843
12.843
19.854
31.854
46.327
59.327
74.327
85.327
95.327
100.327
106.327
110.327
110.327
110.327
0.0
0.0
17.843
20.843
21.843
19.843
23.854
32.854
44.327
55.327
69.327
80.327
90.327
97.327
106.327
111.327
112.327
111.327
0.0
0.0
16.843
21.843
27.843
25.843
27.854
35.854
46.327
54.327
66.327
76.327
87.327
95.327
105.327
112.327
113.327
111.327
0.0
0.0
13.843
15.843
25.843
26.843
30.854
39.854
47.327
54.327
63.327
71.327
80.327
90.327
100.327
105.327
108.327
110.327
0.0
0.0
12.843
15.843
23.843
24.843
30.854
38.854
46.327
51.327
59.327
67.327
76.327
86.327
96.327
102.327
105.327
108.327
0.0
0.0
10.843
11.843
23.843
25.843
31.854
40.854
48.327
52.327
59.327
65.327
71.729
80.729
90.729
95.729
100.729
104.729
0.0
0.0
5.843
6.843
16.843
18.843
26.854
36.854
45.327
49.327
56.327
63.327
69.729
77.729
85.729
90.729
94.729
99.729
0.0
0.0
1.185
1.185
3.843
5.843
13.854
24.854
33.327
40.327
49.327
56.327
68.729
75.729
83.729
87.729
90.729
95.729
0.0
0.0
0.299
0.299
0.299
0.299
5.854
15.854
26.327
35.327
46.327
55.327
66.729
74.729
81.729
85.729
89.729
93.729
0.0
0.0
0.299
0.299
1.185
0.299
3.854
11.854
22.327
32.327
46.327
57.327
63.729
71.729
80.729
85.729
89.729
94.729
0.0
0.0
0.299
0.299
1.185
0.299
1.185
7.843
16.854
27.843
41.854
53.729
61.729
70.729
79.729
85.729
90.729
95.729
0.0
0.0
1.0
0.886
0.0
0.0
2.0
6.772
17.071
30.772
46.071
55.843
63.088
72.088
80.088
84.088
89.088
95.088
0.0
0.0
0.0
0.0
0.0
0.0
0.0
0.0
0.0
0.0
0.0
0.0
0.0
0.0
0.0
0.0
0.0
0.0
0.0
