0
0
0
0
0
0
0
0
0
0
0
0
0
0
0
0
0
0
0
0
0
0
0
1
19
36
52
65
70
73
77
82
86
93
104
0
0
0
0
0
0
0
8
31
49
63
68
78
82
86
89
93
102
0
0
0
0
0
0
0
0
14
38
56
67
80
86
91
93
95
100
0
0
0
0
0
0
0
0
0
23
47
63
79
86
94
97
99
101
0
0
0
0
0
0
0
0
0
9
36
56
74
83
94
101
101
101
0
0
0
0
0
0
0
0
0
3
27
47
65
77
94
103
104
103
0
0
0
0
0
0
0
0
0
1
22
40
59
74
92
104
106
103
0
0
0
0
0
0
0
0
0
1
16
31
47
65
83
92
97
101
0
0
0
0
0
0
0
0
0
0
9
23
40
58
76
86
92
97
0
0
0
0
0
0
0
0
0
0
9
20
31
48
66
75
84
91
0
0
0
0
0
0
0
0
0
0
5
16
28
42
57
66
73
82
0
0
0
0
0
0
0
0
0
0
0
5
26
39
53
60
66
75
0
0
0
0
0
0
0
0
0
0
0
3
22
37
49
57
64
71
0
0
0
0
0
0
0
0
0
0
0
6
17
31
48
57
64
73
0
0
0
0
0
0
0
0
0
0
0
0
13
30
46
57
66
75
0
0
0
0
0
0
0
0
0
0
0
3
16
32
47
54
63
74
0
0
0
0
0
0
0
0
0
0
0
0
0
0
0
0
0
0
0
